Run Number,Run History Configuration ID,Instance ID,Response Value (y),Censored?,Cutoff Time Used,Seed,Runtime,Run Length,Run Result Code,Run Quality,SMAC Iteration,SMAC Cumulative Runtime,Run Result,Additional Algorithm Run Data,Wall Clock Time,
1,1,1,46.853445861412546,0,3600.0,-1,0.060641999999999995,0.0,1,46.853445861412546,0,0.060641999999999995,SAT,,0.346,
2,2,1,17.878246557899537,0,3600.0,-1,0.128154,0.0,1,17.878246557899537,1,0.188796,SAT,,0.299,
3,3,1,74.78900527045519,0,3600.0,-1,0.19017199999999998,0.0,1,74.78900527045519,1,0.37896799999999997,SAT,,0.304,
4,4,1,209.16433520454794,0,3600.0,-1,0.253249,0.0,1,209.16433520454794,1,0.632217,SAT,,0.262,
5,5,1,255.3114520524358,0,3600.0,-1,0.298336,0.0,1,255.3114520524358,1,0.930553,SAT,,0.175,
6,6,1,15.381083272117985,0,3600.0,-1,0.35539,0.0,1,15.381083272117985,1,1.285943,SAT,,0.228,
7,7,1,343.4444401390135,0,3600.0,-1,0.40845899999999996,0.0,1,343.4444401390135,2,1.694402,SAT,,0.224,
8,8,1,29.182807728663732,0,3600.0,-1,0.470861,0.0,1,29.182807728663732,2,2.165263,SAT,,0.288,
9,9,1,149.5181909544015,0,3600.0,-1,0.539048,0.0,1,149.5181909544015,2,2.7043109999999997,SAT,,0.244,
10,10,1,18.12266562296923,0,3600.0,-1,0.589197,0.0,1,18.12266562296923,3,3.2935079999999997,SAT,,0.146,
11,11,1,22.02980380917762,0,3600.0,-1,0.644446,0.0,1,22.02980380917762,3,3.9379539999999995,SAT,,0.174,
12,12,1,138.16037989605948,0,3600.0,-1,0.695403,0.0,1,138.16037989605948,4,4.633356999999999,SAT,,0.118,
13,13,1,81.55642454331013,0,3600.0,-1,0.752006,0.0,1,81.55642454331013,4,5.385362999999999,SAT,,0.127,
14,14,1,25.187338694730265,0,3600.0,-1,0.823919,0.0,1,25.187338694730265,5,6.209281999999999,SAT,,0.323,
15,15,1,236.93305441806103,0,3600.0,-1,0.885629,0.0,1,236.93305441806103,5,7.094910999999999,SAT,,0.235,
16,16,1,23.64721826657369,0,3600.0,-1,0.938179,0.0,1,23.64721826657369,6,8.03309,SAT,,0.281,
17,17,1,46.25068415866056,0,3600.0,-1,0.987632,0.0,1,46.25068415866056,6,9.020722,SAT,,0.183,
18,18,1,37.22202042047756,0,3600.0,-1,1.043738,0.0,1,37.22202042047756,7,10.064459999999999,SAT,,0.254,
19,19,1,43.87042565125667,0,3600.0,-1,1.093537,0.0,1,43.87042565125667,7,11.157996999999998,SAT,,0.236,
20,20,1,12.54231382022624,0,3600.0,-1,1.144507,0.0,1,12.54231382022624,8,12.302503999999999,SAT,,0.191,
21,21,1,180.94529719269107,0,3600.0,-1,1.21127,0.0,1,180.94529719269107,8,13.513774,SAT,,0.165,
22,22,1,38.269674588997965,0,3600.0,-1,1.2692109999999999,0.0,1,38.269674588997965,9,14.782985,SAT,,0.286,
23,23,1,221.62398854863653,0,3600.0,-1,1.322103,0.0,1,221.62398854863653,9,16.105088,SAT,,0.291,
24,24,1,40.02301777478813,0,3600.0,-1,1.382314,0.0,1,40.02301777478813,10,17.487402,SAT,,0.306,
25,25,1,120.29933773905985,0,3600.0,-1,1.4601359999999999,0.0,1,120.29933773905985,10,18.947537999999998,SAT,,0.251,
26,26,1,26.826662493110106,0,3600.0,-1,1.518891,0.0,1,26.826662493110106,11,20.466428999999998,SAT,,0.264,
27,27,1,166.94329382775626,0,3600.0,-1,1.573292,0.0,1,166.94329382775626,11,22.039720999999997,SAT,,0.276,
28,28,1,32.1890057240023,0,3600.0,-1,1.634321,0.0,1,32.1890057240023,12,23.674041999999996,SAT,,0.322,
29,29,1,12.156572841118724,0,3600.0,-1,1.699672,0.0,1,12.156572841118724,12,25.373713999999996,SAT,,0.206,
30,30,1,35.17329024378715,0,3600.0,-1,1.772142,0.0,1,35.17329024378715,13,27.145855999999995,SAT,,0.305,
31,31,1,43.84364028644718,0,3600.0,-1,1.827356,0.0,1,43.84364028644718,13,28.973211999999997,SAT,,0.284,
32,32,1,28.2419424042824,0,3600.0,-1,1.892193,0.0,1,28.2419424042824,14,30.865404999999996,SAT,,0.249,
33,33,1,174.38827797121007,0,3600.0,-1,1.953843,0.0,1,174.38827797121007,14,32.819247999999995,SAT,,0.298,
34,34,1,165.04539626687435,0,3600.0,-1,2.009122,0.0,1,165.04539626687435,15,34.82836999999999,SAT,,0.334,
35,35,1,421.48020135809287,0,3600.0,-1,2.061155,0.0,1,421.48020135809287,15,36.88952499999999,SAT,,0.179,
36,36,1,33.01439498580346,0,3600.0,-1,2.127023,0.0,1,33.01439498580346,16,39.01654799999999,SAT,,0.306,
37,37,1,151.63715853129145,0,3600.0,-1,2.188546,0.0,1,151.63715853129145,16,41.205093999999995,SAT,,0.296,
38,38,1,33.66003010411267,0,3600.0,-1,2.259022,0.0,1,33.66003010411267,17,43.464116,SAT,,0.275,
39,39,1,25.348369991217645,0,3600.0,-1,2.3240119999999997,0.0,1,25.348369991217645,17,45.788128,SAT,,0.334,
40,40,1,28.881749672236676,0,3600.0,-1,2.391371,0.0,1,28.881749672236676,18,48.179499,SAT,,0.267,
41,41,1,129.78726356204885,0,3600.0,-1,2.44715,0.0,1,129.78726356204885,18,50.626649,SAT,,0.235,
42,42,1,46.79712616847647,0,3600.0,-1,2.502759,0.0,1,46.79712616847647,19,53.129408,SAT,,0.288,
43,43,1,26.786657513575012,0,3600.0,-1,2.56066,0.0,1,26.786657513575012,19,55.690068,SAT,,0.251,
44,44,1,116.99034345535165,0,3600.0,-1,2.623783,0.0,1,116.99034345535165,20,58.313851,SAT,,0.237,
45,45,1,77.41283377133003,0,3600.0,-1,2.6792,0.0,1,77.41283377133003,20,60.993051,SAT,,0.253,
46,46,1,8.989656544963193,0,3600.0,-1,2.7403139999999997,0.0,1,8.989656544963193,21,63.733365,SAT,,0.221,
47,47,1,229.99970501285338,0,3600.0,-1,2.798374,0.0,1,229.99970501285338,21,66.531739,SAT,,0.327,
48,48,1,9.784057068501648,0,3600.0,-1,2.855769,0.0,1,9.784057068501648,22,69.387508,SAT,,0.267,
49,49,1,21.75050829888813,0,3600.0,-1,2.913045,0.0,1,21.75050829888813,22,72.300553,SAT,,0.363,
50,50,1,74.42818887908248,0,3600.0,-1,2.971342,0.0,1,74.42818887908248,23,75.271895,SAT,,0.303,
51,51,1,422.4482681602507,0,3600.0,-1,3.026494,0.0,1,422.4482681602507,23,78.298389,SAT,,0.316,
52,52,1,59.15979292282943,0,3600.0,-1,3.082764,0.0,1,59.15979292282943,24,81.381153,SAT,,0.396,
53,53,1,143.80320405909785,0,3600.0,-1,3.154683,0.0,1,143.80320405909785,24,84.535836,SAT,,0.382,
54,54,1,243.17422434194253,0,3600.0,-1,3.217253,0.0,1,243.17422434194253,25,87.753089,SAT,,0.26,
55,55,1,18.075780312017628,0,3600.0,-1,3.279958,0.0,1,18.075780312017628,25,91.033047,SAT,,0.338,
56,56,1,54.38790275942892,0,3600.0,-1,3.346193,0.0,1,54.38790275942892,26,94.37924,SAT,,0.277,
57,57,1,92.1053581144262,0,3600.0,-1,3.4085900000000002,0.0,1,92.1053581144262,26,97.78783,SAT,,0.142,
58,58,1,54.35228009285129,0,3600.0,-1,3.469512,0.0,1,54.35228009285129,27,101.257342,SAT,,0.297,
59,59,1,241.4055915284705,0,3600.0,-1,3.530162,0.0,1,241.4055915284705,27,104.787504,SAT,,0.269,
60,60,1,45.11824427864781,0,3600.0,-1,3.593232,0.0,1,45.11824427864781,28,108.380736,SAT,,0.347,
61,61,1,16.329603522527236,0,3600.0,-1,3.649472,0.0,1,16.329603522527236,28,112.030208,SAT,,0.334,
62,62,1,13.90172353488806,0,3600.0,-1,3.713972,0.0,1,13.90172353488806,29,115.74418,SAT,,0.322,
63,63,1,38.267759955919736,0,3600.0,-1,3.773288,0.0,1,38.267759955919736,29,119.517468,SAT,,0.284,
64,64,1,52.723155531252694,0,3600.0,-1,3.832386,0.0,1,52.723155531252694,30,123.349854,SAT,,0.362,
65,65,1,6.025413922975046,0,3600.0,-1,3.886165,0.0,1,6.025413922975046,30,127.236019,SAT,,0.29,
66,66,1,28.176850000937375,0,3600.0,-1,3.950233,0.0,1,28.176850000937375,31,131.186252,SAT,,0.325,
67,67,1,148.87899774734092,0,3600.0,-1,4.004307,0.0,1,148.87899774734092,31,135.190559,SAT,,0.315,
68,68,1,201.92864397525068,0,3600.0,-1,4.059892,0.0,1,201.92864397525068,32,139.250451,SAT,,0.316,
69,69,1,155.08383581340448,0,3600.0,-1,4.11961,0.0,1,155.08383581340448,32,143.370061,SAT,,0.308,
70,70,1,28.627233662383503,0,3600.0,-1,4.178768,0.0,1,28.627233662383503,33,147.54882899999998,SAT,,0.337,
71,71,1,77.7331664682901,0,3600.0,-1,4.244584,0.0,1,77.7331664682901,33,151.793413,SAT,,0.419,
72,72,1,79.46069993198276,0,3600.0,-1,4.309937,0.0,1,79.46069993198276,34,156.10334999999998,SAT,,0.279,
73,73,1,115.84252519566769,0,3600.0,-1,4.3758,0.0,1,115.84252519566769,34,160.47914999999998,SAT,,0.295,
74,74,1,54.36897773615375,0,3600.0,-1,4.43653,0.0,1,54.36897773615375,35,164.91567999999998,SAT,,0.272,
75,75,1,28.258204387874283,0,3600.0,-1,4.48935,0.0,1,28.258204387874283,35,169.40502999999998,SAT,,0.148,
76,76,1,36.79432380123761,0,3600.0,-1,4.54742,0.0,1,36.79432380123761,36,173.95244999999997,SAT,,0.347,
77,77,1,380.45915723807013,0,3600.0,-1,4.609159,0.0,1,380.45915723807013,36,178.56160899999998,SAT,,0.243,
78,78,1,66.13039094394082,0,3600.0,-1,4.656745,0.0,1,66.13039094394082,37,183.21835399999998,SAT,,0.263,
79,79,1,98.39621331251774,0,3600.0,-1,4.723812,0.0,1,98.39621331251774,37,187.942166,SAT,,0.279,
80,80,1,30.548555589661177,0,3600.0,-1,4.777539,0.0,1,30.548555589661177,38,192.71970499999998,SAT,,0.223,
81,81,1,87.8893122014936,0,3600.0,-1,4.840339,0.0,1,87.8893122014936,38,197.56004399999998,SAT,,0.286,
82,82,1,36.940597496777954,0,3600.0,-1,4.890871,0.0,1,36.940597496777954,39,202.45091499999998,SAT,,0.282,
83,83,1,1.965494925045265,0,3600.0,-1,4.947216,0.0,1,1.965494925045265,39,207.39813099999998,SAT,,0.24,
84,84,1,79.3397197090553,0,3600.0,-1,5.006322,0.0,1,79.3397197090553,40,212.404453,SAT,,0.266,
85,85,1,14.154101153200063,0,3600.0,-1,5.076593,0.0,1,14.154101153200063,40,217.481046,SAT,,0.261,
86,86,1,122.77780328689417,0,3600.0,-1,5.139763,0.0,1,122.77780328689417,41,222.62080899999998,SAT,,0.202,
87,87,1,29.641548447357017,0,3600.0,-1,5.190416,0.0,1,29.641548447357017,41,227.81122499999998,SAT,,0.314,
88,88,1,31.981870048231244,0,3600.0,-1,5.245823,0.0,1,31.981870048231244,42,233.05704799999998,SAT,,0.242,
89,89,1,78.36221956115412,0,3600.0,-1,5.31744,0.0,1,78.36221956115412,42,238.37448799999999,SAT,,0.306,
90,90,1,84.84577360433624,0,3600.0,-1,5.398643,0.0,1,84.84577360433624,43,243.77313099999998,SAT,,0.297,
91,91,1,94.31430830751353,0,3600.0,-1,5.462586,0.0,1,94.31430830751353,43,249.23571699999997,SAT,,0.273,
92,92,1,38.58766162685396,0,3600.0,-1,5.519847,0.0,1,38.58766162685396,44,254.75556399999996,SAT,,0.294,
93,93,1,177.38204759112455,0,3600.0,-1,5.583886,0.0,1,177.38204759112455,44,260.33944999999994,SAT,,0.285,
94,94,1,104.07750142955285,0,3600.0,-1,5.640643,0.0,1,104.07750142955285,45,265.98009299999995,SAT,,0.475,
95,95,1,39.46430319702246,0,3600.0,-1,5.705781,0.0,1,39.46430319702246,45,271.68587399999996,SAT,,0.313,
96,96,1,90.62760292810076,0,3600.0,-1,5.772663,0.0,1,90.62760292810076,46,277.458537,SAT,,0.301,
97,97,1,116.36538191269052,0,3600.0,-1,5.843057,0.0,1,116.36538191269052,46,283.30159399999997,SAT,,0.271,
98,98,1,133.60047529161102,0,3600.0,-1,5.921828,0.0,1,133.60047529161102,47,289.22342199999997,SAT,,0.362,
99,99,1,58.13776539971467,0,3600.0,-1,5.998498,0.0,1,58.13776539971467,47,295.22191999999995,SAT,,0.3,
100,100,1,104.0771304344759,0,3600.0,-1,6.047242,0.0,1,104.0771304344759,48,301.26916199999994,SAT,,0.241,
